{
	"fileType": "vwgl::scene",
	"version": {
		"major": 2,
		"minor": 0,
		"rev": 0
	},
	"scene": [
		{
			"type": "Node",
			"name": "SceneRoot",
			"enabled": true,
			"steady": false,
			"children": [
				{
					"type": "Node",
					"name": "Main Camera",
					"enabled": true,
					"steady": false,
					"children": [],
					"components": [
						{
							"type": "Camera",
							"isMain": true
						},
						{
							"type": "Transform",
							"transformMatrix": [
								0.9781476259231567,
								0,
								0.20791170001029968,
								0,
								0.04500032961368561,
								0.9762960076332092,
								-0.2117099016904831,
								0,
								-0.20298336446285248,
								0.2164396196603775,
								0.9549615979194641,
								0,
								-1.4838013648986816,
								2.3189337253570557,
								4.8108367919921875,
								1
							]
						},
						{
							"type": "OrbitCameraController",
							"rotateButtons": {
								"left": true,
								"middle": false,
								"right": false
							},
							"panButtons": {
								"left": false,
								"middle": false,
								"right": true
							},
							"zoomButtons": {
								"left": false,
								"middle": true,
								"right": false
							},
							"rotation": [
								12.5,
								-12
							],
							"distance": 7.480081287345309,
							"center": [
								0.03453070911913379,
								0.6999476940399617,
								-2.332353616885358
							],
							"rotationSpeed": 0.2,
							"forward": 0,
							"left": 0,
							"wheelSpeed": 1,
							"minFocus": 2,
							"minPitch": -90,
							"maxPitch": 90,
							"minDistance": 0.4,
							"maxDistance": 1.7976931348623157e+308,
							"maxX": 1.7976931348623157e+308,
							"minX": -1.7976931348623157e+308,
							"minY": -1.7976931348623157e+308,
							"maxY": 1.7976931348623157e+308,
							"maxZ": 1.7976931348623157e+308,
							"minZ": -1.7976931348623157e+308,
							"displacementSpeed": 0.1,
							"enabled": true
						},
						{
							"type": "Selectable"
						}
					]
				},
				{
					"type": "Node",
					"name": "Main Light",
					"enabled": true,
					"steady": false,
					"children": [],
					"components": [
						{
							"type": "Light",
							"lightType": "kTypeDirectional",
							"ambient": [
								0.2,
								0.2,
								0.2,
								1
							],
							"diffuse": [
								0.9,
								0.9,
								0.9,
								1
							],
							"specular": [
								1,
								1,
								1,
								1
							],
							"intensity": 1,
							"spotCutoff": 20,
							"spotExponent": 30,
							"shadowStrength": 0.3,
							"cutoffDistance": -1,
							"projection": [
								0.06684419512748718,
								0,
								0,
								0,
								0,
								0.06684419512748718,
								0,
								0,
								0,
								0,
								-0.0008916532387956977,
								0,
								0,
								0,
								-1.0008916854858398,
								1
							],
							"castShadows": true,
							"shadowBias": 0.00002,
							"specularType": "PHONG",
							"constantAtt": 1,
							"linearAtt": 0.5,
							"expAtt": 0.1
						},
						{
							"type": "Transform",
							"transformMatrix": [
								0.9659258127212524,
								0,
								-0.258819043636322,
								0,
								-0.2120121568441391,
								0.5735764503479004,
								-0.7912400960922241,
								0,
								0.1484525054693222,
								0.8191520571708679,
								0.5540323257446289,
								0,
								0.14854049682617188,
								3.260463237762451,
								5.554360866546631,
								1
							]
						},
						{
							"type": "Selectable"
						}
					]
				},
				{
					"type": "Node",
					"name": "Floor",
					"enabled": true,
					"steady": false,
					"children": [],
					"components": [
						{
							"type": "Drawable",
							"name": "Plane"
						},
						{
							"type": "Transform",
							"transformMatrix": [
								1,
								0,
								0,
								0,
								0,
								1,
								0,
								0,
								0,
								0,
								1,
								0,
								0,
								0.02900359034538269,
								0,
								1
							]
						},
						{
							"type": "Selectable"
						}
					]
				},
				{
					"type": "Node",
					"name": "cubes",
					"enabled": true,
					"steady": false,
					"children": [],
					"components": [
						{
							"type": "Drawable",
							"name": "cubes"
						},
						{
							"type": "InputChainJoint",
							"joint": {
								"type": "LinkJoint",
								"offset": [
									0.7071067690849304,
									0,
									0.5
								],
								"yaw": 0,
								"pitch": 0,
								"roll": 0,
								"order": 1
							}
						},
						{
							"type": "OutputChainJoint",
							"joint": {
								"type": "LinkJoint",
								"offset": [
									0.7071067690849304,
									0,
									-0.5
								],
								"yaw": 0,
								"pitch": 0,
								"roll": 0,
								"order": 1
							}
						},
						{
							"type": "Transform",
							"transformMatrix": [
								0.5318607091903687,
								0,
								-0.8468318581581116,
								0,
								0,
								1,
								0,
								0,
								0.8468318581581116,
								0,
								0.5318607091903687,
								0,
								-3.1064326763153076,
								0.5326414704322815,
								-1.084566593170166,
								1
							]
						},
						{
							"type": "Selectable"
						}
					]
				},
				{
					"type": "Node",
					"name": "copy of cubes",
					"enabled": true,
					"steady": false,
					"children": [],
					"components": [
						{
							"type": "Drawable",
							"name": "cubes3"
						},
						{
							"type": "InputChainJoint",
							"joint": {
								"type": "LinkJoint",
								"offset": [
									0.7071067690849304,
									0,
									0.5
								],
								"yaw": 0,
								"pitch": 0,
								"roll": 0,
								"order": 1
							}
						},
						{
							"type": "OutputChainJoint",
							"joint": {
								"type": "LinkJoint",
								"offset": [
									0.7071067690849304,
									0,
									-0.5
								],
								"yaw": 0,
								"pitch": 0,
								"roll": 0,
								"order": 1
							}
						},
						{
							"type": "Transform",
							"transformMatrix": [
								1,
								0,
								0,
								0,
								0,
								1,
								0,
								0,
								0,
								0,
								1,
								0,
								0,
								0.5326414704322815,
								-2.4677226543426514,
								1
							]
						},
						{
							"type": "Selectable"
						}
					]
				},
				{
					"type": "Node",
					"name": "copy of cubes",
					"enabled": true,
					"steady": false,
					"children": [],
					"components": [
						{
							"type": "Drawable",
							"name": "cubes2"
						},
						{
							"type": "InputChainJoint",
							"joint": {
								"type": "LinkJoint",
								"offset": [
									0.7071067690849304,
									0,
									0.5
								],
								"yaw": 0,
								"pitch": 0,
								"roll": 0,
								"order": 1
							}
						},
						{
							"type": "OutputChainJoint",
							"joint": {
								"type": "LinkJoint",
								"offset": [
									0.7071067690849304,
									0,
									-0.5
								],
								"yaw": 0,
								"pitch": 0,
								"roll": 0,
								"order": 1
							}
						},
						{
							"type": "Transform",
							"transformMatrix": [
								0.81387859582901,
								0,
								0.5810351371765137,
								0,
								0,
								1,
								0,
								0,
								-0.5810351371765137,
								0,
								0.81387859582901,
								0,
								2.7889881134033203,
								0.5326414704322815,
								-1.265963077545166,
								1
							]
						},
						{
							"type": "Selectable"
						}
					]
				}
			],
			"components": [
				{
					"type": "Environment",
					"equirectangularTexture": "sunset.jpg",
					"irradianceIntensity": 1,
					"showSkybox": true,
					"cubemapSize": 512,
					"irradianceMapSize": 32,
					"specularMapSize": 32,
					"specularMapL2Size": 32
				},
				{
					"type": "Selectable"
				}
			]
		}
	]
}