{
	"fileType": "vwgl::scene",
	"version": {
		"major": 2,
		"minor": 0,
		"rev": 0
	},
	"scene": [
		{
			"type": "Node",
			"name": "SceneRoot",
			"enabled": true,
			"steady": false,
			"children": [
				{
					"type": "Node",
					"name": "Main Camera",
					"enabled": true,
					"steady": false,
					"children": [],
					"components": [
						{
							"type": "Camera",
							"isMain": true
						},
						{
							"type": "Transform",
							"transformMatrix": [
								0.9975640773773193,
								0,
								-0.06975647062063217,
								0,
								-0.019227489829063416,
								0.9612616896629333,
								-0.27496594190597534,
								0,
								0.06705421954393387,
								0.27563735842704773,
								0.9589201211929321,
								0,
								0.5368039011955261,
								3.099682331085205,
								4.743256568908691,
								1
							]
						},
						{
							"type": "OrbitCameraController",
							"rotateButtons": {
								"left": true,
								"middle": false,
								"right": false
							},
							"panButtons": {
								"left": false,
								"middle": false,
								"right": true
							},
							"zoomButtons": {
								"left": false,
								"middle": true,
								"right": false
							},
							"rotation": [
								16,
								4
							],
							"distance": 7.480081287345309,
							"center": [
								0.03523287952935654,
								1.0378925258950156,
								-2.4295434779104914
							],
							"rotationSpeed": 0.2,
							"forward": 0,
							"left": 0,
							"wheelSpeed": 1,
							"minFocus": 2,
							"minPitch": -90,
							"maxPitch": 90,
							"minDistance": 0.4,
							"maxDistance": 1.7976931348623157e+308,
							"maxX": 1.7976931348623157e+308,
							"minX": -1.7976931348623157e+308,
							"minY": -1.7976931348623157e+308,
							"maxY": 1.7976931348623157e+308,
							"maxZ": 1.7976931348623157e+308,
							"minZ": -1.7976931348623157e+308,
							"displacementSpeed": 0.1,
							"enabled": true
						},
						{
							"type": "Selectable"
						}
					]
				},
				{
					"type": "Node",
					"name": "Main Light",
					"enabled": true,
					"steady": false,
					"children": [],
					"components": [
						{
							"type": "Light",
							"lightType": "kTypeDirectional",
							"ambient": [
								0.2,
								0.2,
								0.2,
								1
							],
							"diffuse": [
								0.9,
								0.9,
								0.9,
								1
							],
							"specular": [
								1,
								1,
								1,
								1
							],
							"intensity": 1,
							"spotCutoff": 20,
							"spotExponent": 30,
							"shadowStrength": 0.3,
							"cutoffDistance": -1,
							"projection": [
								0.06684419512748718,
								0,
								0,
								0,
								0,
								0.06684419512748718,
								0,
								0,
								0,
								0,
								-0.0008916532387956977,
								0,
								0,
								0,
								-1.0008916854858398,
								1
							],
							"castShadows": true,
							"shadowBias": 0.00002,
							"specularType": "PHONG",
							"constantAtt": 1,
							"linearAtt": 0.5,
							"expAtt": 0.1
						},
						{
							"type": "Transform",
							"transformMatrix": [
								0.9659258127212524,
								0,
								-0.258819043636322,
								0,
								-0.2120121568441391,
								0.5735764503479004,
								-0.7912400960922241,
								0,
								0.1484525054693222,
								0.8191520571708679,
								0.5540323257446289,
								0,
								0.14854049682617188,
								3.260463237762451,
								5.554360866546631,
								1
							]
						},
						{
							"type": "Selectable"
						}
					]
				},
				{
					"type": "Node",
					"name": "Floor",
					"enabled": true,
					"steady": false,
					"children": [],
					"components": [
						{
							"type": "Drawable",
							"name": "Plane"
						},
						{
							"type": "Transform",
							"transformMatrix": [
								1,
								0,
								0,
								0,
								0,
								1,
								0,
								0,
								0,
								0,
								1,
								0,
								0,
								0.02900359034538269,
								0,
								1
							]
						},
						{
							"type": "Selectable"
						}
					]
				},
				{
					"type": "Node",
					"name": "cubes",
					"enabled": true,
					"steady": false,
					"children": [],
					"components": [
						{
							"type": "Drawable",
							"name": "cubes"
						},
						{
							"type": "InputChainJoint",
							"joint": {
								"type": "LinkJoint",
								"offset": [
									0.7071067690849304,
									0,
									0.5
								],
								"yaw": 0,
								"pitch": 0,
								"roll": 0,
								"order": 1
							}
						},
						{
							"type": "OutputChainJoint",
							"joint": {
								"type": "LinkJoint",
								"offset": [
									0.7071067690849304,
									0,
									-0.5
								],
								"yaw": 0,
								"pitch": 0,
								"roll": 0,
								"order": 1
							}
						},
						{
							"type": "Transform",
							"transformMatrix": [
								0.5318607091903687,
								0,
								-0.8468318581581116,
								0,
								0,
								1,
								0,
								0,
								0.8468318581581116,
								0,
								0.5318607091903687,
								0,
								-3.1064326763153076,
								0.5326414704322815,
								-1.084566593170166,
								1
							]
						},
						{
							"type": "Selectable"
						}
					]
				},
				{
					"type": "Node",
					"name": "copy of cubes",
					"enabled": true,
					"steady": false,
					"children": [],
					"components": [
						{
							"type": "Drawable",
							"name": "cubes3"
						},
						{
							"type": "InputChainJoint",
							"joint": {
								"type": "LinkJoint",
								"offset": [
									0.7071067690849304,
									0,
									0.5
								],
								"yaw": 0,
								"pitch": 0,
								"roll": 0
							}
						},
						{
							"type": "OutputChainJoint",
							"joint": {
								"type": "LinkJoint",
								"offset": [
									0.7071067690849304,
									0,
									-0.5
								],
								"yaw": 0,
								"pitch": 0,
								"roll": 0
							}
						},
						{
							"type": "Transform",
							"transformMatrix": [
								1,
								0,
								0,
								0,
								0,
								1,
								0,
								0,
								0,
								0,
								1,
								0,
								0,
								0.5326414704322815,
								-2.4677226543426514,
								1
							]
						},
						{
							"type": "Selectable"
						}
					]
				},
				{
					"type": "Node",
					"name": "copy of cubes",
					"enabled": true,
					"steady": false,
					"children": [],
					"components": [
						{
							"type": "Drawable",
							"name": "cubes2"
						},
						{
							"type": "InputChainJoint",
							"joint": {
								"type": "LinkJoint",
								"offset": [
									0.7071067690849304,
									0,
									0.5
								],
								"yaw": 0,
								"pitch": 0,
								"roll": 0
							}
						},
						{
							"type": "OutputChainJoint",
							"joint": {
								"type": "LinkJoint",
								"offset": [
									0.7071067690849304,
									0,
									-0.5
								],
								"yaw": 0,
								"pitch": 0,
								"roll": 0
							}
						},
						{
							"type": "Transform",
							"transformMatrix": [
								0.81387859582901,
								0,
								0.5810351371765137,
								0,
								0,
								1,
								0,
								0,
								-0.5810351371765137,
								0,
								0.81387859582901,
								0,
								2.7889881134033203,
								0.5326414704322815,
								-1.265963077545166,
								1
							]
						},
						{
							"type": "Selectable"
						}
					]
				}
			],
			"components": [
				{
					"type": "Environment",
					"equirectangularTexture": "sunset.jpg",
					"irradianceIntensity": 1,
					"showSkybox": true,
					"cubemapSize": 512,
					"irradianceMapSize": 32,
					"specularMapSize": 32,
					"specularMapL2Size": 32
				},
				{
					"type": "Selectable"
				}
			]
		}
	]
}